 0      1      2      3      4      5
 0 -13.260 -13.210 -13.215 -13.272 -13.255 -13.225
 1 -13.027 -12.987 -13.000 -13.055 -13.030 -12.990
 2 -12.905 -12.850 -12.868 -12.905 -12.868 -12.838
 3 -12.795 -12.755 -12.780 -12.803 -12.753 -12.723
 4 -12.713 -12.715 -12.713 -12.720 -12.660 -12.635
 5 -12.683 -12.657 -12.683 -12.680 -12.607 -12.590

 0      1      2      3      4      5
 0 -13.275 -13.258 -13.253 -13.317 -13.298 -13.290
 1 -13.000 -12.987 -12.995 -13.048 -13.025 -12.990
 2 -12.845 -12.817 -12.833 -12.870 -12.835 -12.808
 3 -12.732 -12.715 -12.737 -12.765 -12.715 -12.692
 4 -12.663 -12.640 -12.665 -12.680 -12.623 -12.610
 5 -12.640 -12.612 -12.635 -12.640 -12.575 -12.558
 
 0      1      2      3      4      5
 0 -13.250 -13.200 -13.213 -15.295 -13.235 -13.210
 1 -13.010 -12.987 -12.985 -13.038 -13.017 -12.973
 2 -12.860 -12.830 -12.852 -12.880 -12.855 -12.812
 3 -12.750 -12.748 -12.765 -12.790 -12.740 -12.727
 4 -12.703 -12.665 -12.692 -12.703 -12.647 -12.645
 5 -12.683 -12.655 -12.675 -12.670 -12.598 -12.595

 0      1      2      3      4      5
 0 -13.203 -13.195 -13.197 -13.248 -13.248 -13.225
 1 -12.987 -12.977 -12.998 -13.030 -13.027 -12.970
 2 -12.855 -12.822 -12.838 -12.875 -12.838 -12.808
 3 -12.748 -12.740 -12.743 -12.777 -12.730 -12.725
 4 -12.665 -12.650 -12.678 -12.680 -12.645 -12.645
 5 -12.642 -12.647 -12.655 -12.655 -12.593 -12.572
